896
55
461
960
608
314
799
655
726
475
679
351
981
826
575
440
520
857
675
593
997
977
36
210
241
490
370
455
17
844
248
743
764
186
261
42
962
759
292
62
957
71
26
440
665
113
323
837
975
631
328
758
595
329
889
203
506
216
677
11
847
828
765
505
331
203
563
896
397
436
512
838
839
99
260
238
776
377
240
372
820
453
509
343
396
29
104
857
386
19
767
684
502
421
276
297
397
518
863
796
443
39
467
807
105
200
572
119
292
337
840
519
515
354
599
545
877
713
154
359
804
994
46
196
228
825
565
833
509
131
483
348
858
702
933
517
826
247
539
630
241
852
203
759
953
578
645
531
455
380
714
843
797
976
404
423
719
917
274
520
4
433
38
493
997
311
512
517
583
277
63
826
257
122
757
0
601
221
543
783
394
154
261
279
228
622
619
899
619
407
617
625
776
298
143
899
475
14
474
257
718
647
346
400
384
765
38
468
433
784
601
955
278
947
236
644
849
890
871
492
324
209
421
91
359
624
970
775
764
582
634
692
824
37
252
342
855
574
992
313
558
262
360
726
645
918
903
974
711
490
258
21
824
840
337
398
905
825
784
786
729
530
851
611
24
512
33
956
128
688
208
767
78
221
800
196
367
898
965
117
107
475
172
37
797
834
346
247
582
524
494
855
497
658
463
44
970
448
624
22
374
400
688
158
528
138
478
284
979
35
480
226
412
995
668
567
851
244
831
399
80
286
951
518
619
990
124
529
891
894
950
371
992
186
941
786
398
978
663
744
68
812
258
849
504
237
710
579
480
997
345
320
777
580
380
275
795
973
546
395
959
147
403
822
308
634
313
545
714
574
929
946
978
464
403
856
712
809
83
990
555
429
578
972
994
2
182
777
716
589
830
417
869
75
570
632
488
338
305
276
319
391
561
519
270
701
715
429
912
557
457
102
74
841
261
776
982
345
172
952
903
706
643
211
742
733
422
10
253
15
332
336
285
754
262
178
997
837
115
235
476
233
405
27
869
997
187
804
524
127
878
402
398
339
592
830
371
585
401
150
816
377
921
185
143
314
468
574
398
452
799
511
903
222
279
445
245
9
42
389
760
811
278
570
700
565
251
605
637
826
662
888
384
8
922
275
533
779
178
11
785
534
746
698
486
981
40
253
540
286
337
881
646
819
303
571
99
545
975
309
137
786
431
217
503
819
246
450
594
948
784
220
728
282
893
225
609
230
222
335
3
178
761
820
363
529
906
415
454
851
264
744
975
983
682
544
116
671
910
100
854
158
191
643
170
449
33
656
758
218
755
977
730
30
266
485
547
922
554
282
286
763
929
277
618
945
169
851
448
361
258
588
686
550
476
228
42
425
332
720
568
56
483
512
798
847
421
281
608
264
613
515
943
485
990
653
876
163
994
13
542
950
674
99
161
637
770
17
609
0
183
73
119
740
243
575
48
586
296
112
300
532
461
624
553
771
267
298
100
88
102
919
630
632
412
648
904
595
674
402
99
102
299
303
723
621
592
543
733
129
309
551
601
138
219
978
900
144
463
670
430
454
296
609
877
849
150
198
561
907
480
571
460
569
241
881
870
936
462
252
860
503
728
293
541
346
478
897
585
137
795
467
584
768
490
823
917
75
29
161
939
268
11
940
561
707
295
477
186
493
702
893
904
739
626
772
51
534
168
524
687
692
372
213
769
838
36
846
23
989
148
120
151
610
595
67
720
995
712
390
192
312
203
970
623
581
851
812
758
147
331
408
684
936
483
237
209
44
276
837
881
901
938
535
118
858
613
450
736
23
247
295
773
447
800
161
98
947
159
843
743
970
430
942
899
970
34
400
895
38
380
560
379
982
655
968
615
6
309
223
208
4
843
691
527
902
694
313
858
141
465
81
872
968
482
930
915
884
153
1
507
595
555
662
123
513
752
295
947
632
261
334
374
424
335
701
910
915
870
118
97
211
729
443
244
832
768
245
989
674
216
114
256
828
526
426
383
794
541
443
735
827
119
189
938
169
918
688
679
340
205
970
726
561
280
832
159
914
557
432
909
336
386
167
975
535
574
997
53
489
855
205
110
163
915
417
434
220
668
0
59
847
694
140
510
896
426
746
939
196
827
34
511
951
474
77
404
69
860
65
562
655
401
44
891
905
295
643
952
723
23
558
116
228
863
906
976
385
496
144
512
924
807
192
561
158
234
684
718
41
548
352
225
563
470
322
427
588
817
378
943
203
130
252
483
349
248
654
984
129
915
105
54
698
589
137
774
714
169
906
