7644
8936
2032
1028
6600
4788
12
71
9559
4297
8133
1342
9899
5282
6503
7560
2334
3200
6293
4430
4712
9137
6450
2999
9452
5426
5415
2237
6242
3105
7489
7934
7632
6429
6976
3058
6364
7676
9290
7528
5175
8037
216
6417
5649
8260
5908
9222
9634
1236
6310
2755
9644
3152
3806
8816
1468
2535
7979
7594
2925
4715
716
3368
8178
7851
4014
8942
2486
7074
1236
2766
7167
6299
3378
6419
5716
5255
2611
9814
2672
8320
757
7159
9268
350
9061
9122
6976
1396
8040
5413
1498
4921
1381
3565
3256
4883
1376
15
2616
9273
2906
9626
9579
6269
5141
3629
7659
8013
8734
2675
4355
2014
5580
3090
9945
2973
9447
5535
2632
4081
2464
5670
6795
4197
113
6581
9444
8381
744
7851
5173
4739
1156
7194
9583
6836
3206
8297
6760
5124
1507
6385
4439
7022
2618
1335
8005
2152
8615
9424
3772
467
6514
330
5590
8831
3761
7720
244
6929
7896
9184
9149
6231
1314
2691
4666
1195
5903
8955
6765
5414
9277
4618
8847
6177
9279
6410
7211
5900
8043
8502
9793
7575
4516
3472
6852
5919
5164
3774
2971
4131
8525
105
2250
7068
1574
8545
2814
4756
3708
5887
5440
4961
9745
3439
8779
3259
5402
1365
2556
8472
6930
1646
3392
2846
2647
1555
4871
4509
1715
7806
6601
9838
8569
8522
5097
9426
5583
2332
8984
3127
5408
588
175
8392
3677
8949
4768
1842
2819
4468
6694
1709
6181
6259
8851
1236
1726
9131
2713
6020
7168
3238
6467
6614
686
1048
675
2211
9000
8425
7985
122
5847
4710
9153
7713
3987
3291
6351
476
7540
6876
7707
6017
5032
1484
7831
5635
6723
9574
7923
5756
2461
6795
7160
5615
9066
2408
2002
9427
7052
9400
5223
2773
8280
2481
2127
1711
4647
8452
4049
6700
661
8833
8573
5494
9441
4820
4576
5213
2099
2808
1093
261
1236
4633
8842
762
9799
1213
1771
3197
9931
2009
7216
246
2998
9518
3024
8734
1897
1747
4645
8239
3816
7013
8588
1355
6468
7253
963
1729
8799
8664
4106
2251
8804
4129
5204
2098
3054
5853
9751
5050
2251
2416
5069
4361
8523
1244
1312
9753
8281
7375
2296
1653
1924
9795
6490
6689
4356
56
9878
9494
7763
3351
7710
7769
1652
4392
6750
5024
803
9537
5493
7112
5858
1730
9776
5942
2984
396
9912
7925
7603
259
817
1445
6597
7420
2076
5282
9084
5807
1381
749
199
4415
6669
8492
7380
9697
7942
3732
3600
9725
3068
7863
2584
1691
6598
1027
7212
7715
1169
114
1587
3056
6720
745
2847
9462
5749
7325
4346
3482
5336
9513
9988
1312
8395
8898
7945
5511
2519
2866
9862
5091
1205
7467
5727
6891
6638
690
2419
7006
3951
1290
1320
7555
8692
2600
9500
9291
8807
7335
1468
1182
4989
9410
8625
8270
3871
7909
8972
7195
9576
3615
4487
6558
3418
6407
2959
5292
9755
710
7992
3130
9082
2566
6229
3623
327
4297
2733
8776
6153
6776
4956
3811
1809
946
6211
6713
738
1607
1224
2284
8123
5355
6829
7114
8739
8381
7986
6500
8154
4495
9409
25
4690
1049
4445
4808
7496
2372
8723
690
1239
1190
4135
3983
2131
1855
9450
4674
9320
7927
6804
4478
9949
4870
4265
6238
3284
9764
4257
8163
1158
3113
6304
9773
7528
3418
4921
9867
2860
6025
8413
5385
2680
520
7795
4656
164
6182
8246
171
3015
2325
8597
4824
1804
4974
7980
138
4303
5412
7942
3914
7310
6072
9226
2458
6880
8315
4427
1608
2007
4215
1587
2635
1226
5253
3719
9533
9523
6172
2272
1491
145
6935
7739
723
8438
5444
8034
6438
1576
4145
9767
1070
2058
8360
7009
6470
6416
5321
1678
1685
7327
4031
1416
5031
2240
8427
6476
7271
9921
6271
2180
5881
4783
5492
9070
3726
7271
4107
6601
7384
4883
7861
9124
2282
2936
8829
6928
8693
5769
861
6761
9433
1758
5946
2930
8586
4098
1092
5396
7298
8261
8905
2530
9988
2445
7224
6520
5075
9650
4118
3276
3508
8746
4747
1266
5938
9428
3860
2927
6876
4432
6689
3116
5187
4516
101
3176
3641
112
3327
6160
738
9557
9688
3689
2484
3070
624
7460
5194
1545
2099
9626
3803
1780
4232
8850
9269
9283
1376
3860
6927
121
9820
4124
8879
767
6715
4254
2805
2845
4028
2734
6928
2374
9007
5048
6008
1083
3591
2879
4332
9227
1412
2159
1089
5113
4131
3059
549
6978
9811
9716
572
9945
2657
6031
8022
4443
1079
6208
8522
8343
6891
3654
692
2883
4696
175
9282
99
1591
8105
8963
9796
4867
948
2741
7019
58
2890
4110
2239
1612
2757
9782
785
6710
4629
1133
7325
4251
7959
8265
30
7925
2436
8585
3533
3856
5182
3258
1763
5792
5582
1473
9500
5485
4921
3330
7190
9961
7972
2390
9082
696
1148
3543
7544
6674
8255
5462
1651
9205
3953
2461
2526
1524
9356
5232
4445
3791
980
6910
6567
1752
6164
5496
2274
1520
2747
6861
2009
7675
2580
1800
5445
9849
6895
9090
7562
1659
6431
7271
9697
4861
9714
9769
7946
1203
4391
8289
3968
1387
4530
6446
7560
6206
3986
333
7246
3301
2612
4586
1344
8327
9005
476
865
4787
5140
297
9774
2294
8623
1471
1482
2302
5235
1389
1828
6347
7169
2558
4833
8347
1375
3980
7678
5425
5610
8303
5984
8384
2627
4518
1161
3135
5887
9402
233
8762
4570
6330
8496
9834
100
8490
598
6736
6821
7916
4094
5705
2916
594
9407
7299
7939
1408
5946
1389
748
189
8028
462
4129
8538
9718
220
589
7551
8657
2164
7378
7776
7300
779
4633
7129
8797
3569
2778
7833
2848
7521
6708
6621
5898
6236
2316
8816
6651
6019
8662
7626
8183
7267
1950
7924
7843
1985
3625
6625
4095
1483
187
6758
1840
5779
9679
2385
5033
1193
5691
7006
8348
6055
9369
3988
8283
8387
4646
6634
9352
5517
5103
2485
6335
2613
8862
181
290
2750
4968
2410
6307
5263
8766
7080
7146
7764
6010
3743
1774
1543
7072
7941
2954
6893
8179
3403
5248
3862
1862
1454
4451
1362
8332
2213
4422
2972
3217
3145
9613
1463
5097
3157
9909
8040
1381
3574
1851
3611
800
9561
1760
7147
381
2829
9792
5973
3708
1181
3145
1333
9549
3813
8471
8486
4153
5771
8573
4518
8201
3474
1784
4380
6641
8097
6955
7340
4775
1101
3824
8985
9956
5019
2087
4510
1390
9336
6079
5887
5376
8191
1028
9657
9143
1136
7363
8951
2604
7756
475
6263
2583
7386
3763
7959
6960
892
2816
1742
8666
4795
6889
4400
5753
8062
8216
2913
8630
6173
6130
7381
6114
6554
5269
5256
1080
296
9579
5548
9734
6995
3514
1225
7633
5260
7624
6216
314
6449
6013
6851
9664
8443
9101
5031
7365
2438
5286
1540
9321
940
3756
1439
7253
1019
548
1342
8597
5768
3794
8572
473
7806
3031
6387
1911
3152
4053
1857
3220
9101
2532
2014
5609
1921
7229
5622
2564
4518
1199
7601
7511
7243
8356
5206
7300
3867
143
1583
9590
5106
4243
2918
432
607
5171
5592
4703
1893
7591
2754
3517
8211
8033
7169
4275
8175
5168
6422
2405
8168
8660
8249
7775
1576
1569
2098
2454
2991
1361
3240
3558
5423
278
8857
1661
6553
6499
9176
3381
2636
605
4789
67
1762
4507
5577
5002
5248
3428
9410
4945
8323
6397
6776
8329
3223
4937
6272
838
5104
6380
794
1762
1053
2874
4049
7844
6210
6517
7403
7792
4867
9358
5658
14
5079
1800
1827
9767
9997
6019
4048
8344
5744
37
3227
4352
2348
1211
1330
1215
7281
7087
7606
1410
5224
5890
8475
1439
1729
3840
7392
9646
2364
1495
4287
9714
2113
2326
3638
3282
2267
9148
1250
2806
5337
9618
2007
1651
846
4158
4104
1032
4760
4614
8088
8766
8939
8700
1604
8611
7154
5777
7038
3991
8018
9996
3233
1406
924
3641
5122
1525
4400
3006
7399
4613
2540
672
6907
1496
9135
3997
3021
5074
3399
868
9921
8561
5275
1784
3586
3302
8225
8874
6734
2717
3015
7771
9394
485
7712
5496
2428
2001
316
3383
8024
8689
7960
7546
937
1217
9303
7365
5815
851
2694
8365
983
5035
1059
9600
4289
7367
644
9523
7420
9667
4400
4103
2214
7781
6466
9049
1375
6861
9694
3475
3892
2008
7805
7548
9705
104
2580
9653
9868
9940
6400
7050
4175
5359
3276
167
7848
7143
9562
5687
3369
4438
9635
5115
856
2983
38
1272
313
9263
5861
4330
9945
1327
7014
8336
7508
6715
9331
9142
3414
2442
3971
8240
3606
496
9186
6402
1152
9945
4770
6618
9463
7585
7647
759
756
9874
5697
5707
7827
858
6879
7608
5076
4393
5842
1415
644
8342
9121
6020
5343
6157
7625
280
6674
8416
7364
4311
456
912
2920
7496
324
6143
3658
1847
3893
6334
247
9172
4120
4647
8966
4293
452
2220
8605
6203
132
9037
979
4085
1518
2151
3870
1573
811
2814
5598
2549
1425
5577
401
9003
8797
6698
724
3638
9969
1438
8319
8421
5989
1615
4775
5668
4822
5886
4949
5171
8925
7810
9708
7240
3295
6153
4119
632
1840
263
7816
9663
3135
7387
4645
948
1865
1266
9200
9901
153
1758
4585
4011
6401
8215
4778
7187
2985
9726
7096
1690
8409
4290
2834
8629
3481
9173
6883
129
3608
7129
570
2840
9489
948
4374
5020
2013
3653
8689
2797
74
6608
9161
2682
2888
2915
311
4378
7428
2526
523
3589
932
140
698
8179
1982
6945
4561
7831
6248
9829
3298
7360
3605
5696
8180
7225
7120
1949
2638
1911
7284
1631
1511
4633
4596
5286
7753
5112
5373
4070
2456
1662
7748
1789
4767
53
2330
7597
3873
339
7591
7280
7578
2969
3651
9596
5241
9838
6339
3558
4698
2156
7344
8164
8435
7751
8607
4620
8873
1412
7698
1012
6021
5220
7782
9951
1032
6295
1640
8850
4458
1615
9508
9231
4271
4455
2075
6471
4636
1598
3498
6145
3898
8734
4098
6281
7
3745
3548
1963
5436
6942
527
7504
6121
5549
2181
8422
2554
9249
483
8186
3459
5345
3204
8137
6277
8812
2028
9107
9046
4522
6136
1781
2518
9559
2891
9486
4452
508
5387
1435
2600
6298
3564
80
4792
834
5520
3031
4118
8049
8090
1659
6407
620
1774
8514
4173
1517
62
4235
3465
1650
1622
9122
3687
4517
2937
6483
5141
9739
1076
6423
7573
3757
6782
9261
509
5866
7751
1953
8044
4687
1315
9658
2822
80
8937
2755
1528
5044
1289
3205
988
6598
3258
9059
8321
137
5707
9480
9369
9387
7029
118
3946
1151
2466
4616
4889
4402
6231
2475
7410
2329
1524
4437
1888
2403
3542
4340
5626
8285
6901
5740
5356
5432
1459
9613
3379
5985
9049
4982
8674
7097
8485
3663
4006
1156
7917
9800
3407
2791
8511
8879
6735
7876
3235
1277
5703
9905
266
3060
1295
2087
9092
7267
996
1665
5493
7142
5617
1700
3217
2780
3865
3456
3425
4007
1380
9018
6590
9836
8267
1224
7158
966
9965
507
1926
8505
1482
1216
1092
3496
2672
6570
7797
2067
1185
7607
8356
9990
4431
541
1891
4854
153
353
9450
500
5686
1346
855
2705
2961
5477
3652
1416
1418
9037
348
6434
8315
9960
7154
8532
811
6582
9362
974
3479
5443
146
732
9165
4055
2489
621
8788
9834
2595
4645
124
1963
6899
3539
7501
8421
7445
9577
8177
1082
5525
2261
6244
7050
7296
4444
3173
4035
3432
8298
6687
3073
5230
1818
8309
7237
8766
9546
4979
5853
6804
5821
2723
1934
751
3303
8752
3441
9859
5657
5270
3264
3716
3183
2139
5841
3181
6396
6492
3161
1484
5536
3874
2283
7749
2532
3766
53
1070
1627
7726
7275
1811
5366
4013
6538
4573
9602
883
1604
3244
8565
5594
1265
1515
2642
1231
4417
9986
3105
437
975
988
7263
3059
2631
5892
1556
9934
9683
2927
8810
2986
3359
80
613
2356
369
9239
7478
1330
9454
828
9582
1835
5094
7322
4731
6048
8478
7375
583
5687
4443
4357
8340
455
2207
2698
365
809
3577
9255
332
1995
3890
3657
1259
1420
408
9105
609
122
7791
3281
4134
5606
6322
5339
6492
16
2355
6811
5811
8624
5030
9723
3653
3457
5671
8130
5510
6519
2708
9453
2028
8358
5076
7897
5990
4382
6661
9745
4706
1750
6748
3070
94
9902
9523
5669
9306
1535
3875
9920
6987
3143
4497
6139
7250
1894
3605
3854
9889
4311
7328
8426
2503
6522
9491
66
6198
486
1627
6521
5567
2259
5919
6620
3096
9603
4748
1168
3205
1411
152
9372
9355
105
3100
8691
4285
6225
8214
4428
1791
6457
2391
2700
1601
4508
1791
1258
7281
3378
3237
3495
9103
218
1635
6651
1271
8144
2280
9448
4307
1387
641
8044
6089
620
98
8504
8292
1666
9739
6336
8082
9696
8415
4884
6960
5943
9165
7169
448
6873
3301
6052
5112
656
5913
12
3130
3290
6926
448
6035
7848
2401
3362
7344
3444
6347
4556
864
1317
150
7787
5652
2390
3912
6939
1597
4917
2147
1916
9946
6242
9038
5363
1164
5769
900
9455
5116
1558
5554
615
9932
127
8794
2402
317
6891
4469
7711
9528
1184
64
7016
3533
1830
5961
9609
9830
5583
8533
9331
8765
3863
9283
600
5171
1670
8185
7867
1296
3825
1889
9327
498
2177
7161
1764
3456
5813
6122
4351
6662
5570
4490
3673
8359
2325
3364
6195
9601
5355
5305
618
2213
7846
8624
5298
7861
3005
9234
6599
8536
1086
1138
3341
4771
2531
8553
4223
5061
4548
8030
7409
3449
5733
3344
88
1478
9154
1755
9937
4389
5796
4840
9113
8705
3675
4651
803
5068
63
4133
2844
5600
9371
8462
9907
9072
5989
9799
5857
9358
9236
1008
7884
1970
8215
8925
6328
5887
4290
1296
3662
1225
9440
1360
6433
2874
2105
1354
5235
5081
3140
1051
2949
6569
2295
5549
8971
1014
3689
5446
143
6889
5906
9897
4799
2808
3470
7391
7809
9237
4773
2882
71
9562
1426
5322
9390
1517
1389
3295
1600
7491
1075
2999
2051
9180
504
8087
1989
8929
5103
9557
1471
580
5717
1123
9858
4607
7932
8150
2040
9412
7453
4659
6949
4616
3523
3818
1052
3036
106
8678
1338
5531
3382
4839
4253
1319
177
8487
1191
2173
5856
7748
6414
8748
9668
1452
811
3586
6574
4381
4383
624
1224
569
826
3633
1807
1606
5757
7636
7257
1468
1489
5189
9270
5220
6246
2256
3017
3876
3889
1731
8245
1840
8979
5964
5447
3489
1175
8244
6674
1873
2887
2113
3705
9600
2137
3806
8439
7475
8517
2344
198
1495
5199
500
4565
2268
6806
6894
7781
7176
5323
7967
733
2033
9503
7932
1062
908
4204
2797
6673
2746
8011
1192
1871
9677
5284
3243
1344
3109
6179
6609
3290
9363
7302
7965
3644
1391
2725
6621
1981
8835
2125
3932
2591
2224
2079
7300
1773
9739
6817
7966
4537
1469
3586
6273
8725
6726
4576
8894
3142
7387
8687
7372
8356
7540
816
8301
7905
1046
5690
7862
4564
3935
7194
6933
8184
2867
4282
1382
3826
4516
1959
8494
7894
3411
2468
7445
8503
3922
2130
3514
6671
8640
5259
673
6407
4308
2168
9083
335
7225
6140
9924
895
8575
1415
3171
6668
8678
608
3006
6309
5418
8424
4861
1515
2368
8395
4630
9454
8857
9523
5628
3382
4525
8579
8048
7214
5287
2246
7672
7416
4067
5936
898
5558
5186
8301
3057
2589
7629
2326
5952
592
1055
3221
7644
2548
8879
9336
7225
7053
3169
7300
7074
8138
4791
5451
7956
9745
6363
6965
7673
8278
3869
3797
2115
9280
978
2748
9193
1100
9272
5467
3464
7979
4816
416
925
6748
1047
3
7029
6745
6417
2092
2401
2065
1908
1220
1217
6981
2699
9849
28
5511
3205
6980
5152
374
9809
7157
5663
4794
108
5676
5463
9745
7484
5376
4206
5569
3248
8122
1029
4003
3741
2598
3897
906
9483
6895
8564
1485
1843
981
2980
8125
4228
7322
3387
7091
4764
466
2920
7688
1787
6648
6990
5890
8487
8909
6016
8158
9023
3417
2630
7481
9758
7278
3799
6050
7207
9687
8820
7359
8126
3271
5127
835
1090
7914
4128
5022
1333
4615
3660
4880
598
2070
8959
3374
6648
6696
4245
1713
4695
5463
363
8958
933
1966
7683
6274
2955
8152
714
812
2878
4776
9255
879
6550
121
7579
1515
9896
2942
6894
8408
9586
1269
7972
6483
1227
3870
5038
8106
2843
1258
3445
7424
4844
3973
968
6220
6515
4173
7556
7126
4930
934
6110
2907
223
9317
2630
1663
5739
7901
3351
4813
2746
688
5937
6898
3095
3252
9557
349
1196
8344
2569
5192
7182
959
2116
9323
8165
9177
3681
4074
5073
1487
5673
6104
7655
614
2929
4282
5477
6813
9720
2771
953
8547
1071
1257
1977
1941
6197
7482
5709
863
9088
8040
927
5873
7379
6401
9823
9593
3011
304
205
1763
6543
5619
6505
6395
9483
7768
7966
1846
1906
5592
176
9569
2013
1566
7840
7497
1455
9023
32
5389
2047
7025
2899
4224
8068
1297
2338
5429
4994
2635
7280
6906
9403
3989
6257
7310
421
5346
2752
8072
9440
6451
18
4964
4365
4197
7572
6751
3090
712
1485
6712
1765
849
4947
9481
9062
7956
493
46
8699
3316
5139
3520
239
4715
367
6299
5068
9649
943
2158
8859
2610
5444
2392
6037
5659
6558
2282
3089
9153
7514
6675
8803
9352
5758
1811
4108
5686
3981
2151
2284
2763
2940
9477
8294
3886
6978
5408
6655
4120
9527
4528
9560
2504
2646
9270
3305
6904
8878
5203
8278
3849
5165
1212
352
9144
4533
5312
4064
3229
1961
1658
723
2070
4695
413
1815
6239
7297
2048
1739
8191
3547
4056
4918
4409
7360
4282
5204
1533
7105
2596
4455
740
1732
5831
8294
1773
6620
9612
1091
8354
1042
5194
122
1116
6420
8459
8752
5264
1972
3398
9797
5461
2357
55
3346
1363
7157
4965
1447
1575
6187
5387
4130
888
131
3745
2519
6368
7265
188
5350
2769
9145
4999
5389
2359
6495
4755
9422
8842
1244
5256
5556
1311
403
8086
4988
5750
3802
6229
6296
9242
3677
8115
791
9675
3973
8755
8116
5591
3868
6180
4570
8385
511
8964
199
6905
8913
4763
3890
8220
5590
3938
7387
7519
5796
558
880
72
7075
2728
8934
3117
2837
9400
4240
3855
5467
668
8835
9691
1663
5385
9564
7442
9925
9835
6007
1859
9530
6255
985
5251
3257
9346
4963
5811
1984
4708
2171
6031
6050
6933
3209
8268
7286
7745
7957
9033
8952
6242
207
4948
2543
4073
2735
7060
1595
6504
50
9842
7238
6506
6415
5884
1361
3348
6309
3276
377
1742
8781
516
812
2447
8449
4693
1626
4007
4740
2656
711
7850
2787
3723
491
7409
2621
2225
5222
6200
6122
7615
5123
788
3983
1802
5544
7590
8398
8363
8437
6947
6316
2500
6731
3515
6319
1746
4126
7987
9811
3609
1719
3285
5471
7255
579
5258
9632
1879
6569
1139
7161
4331
3804
8137
9519
2893
6954
7741
1384
1276
2075
1912
2276
8335
4736
7645
6197
3406
4030
6916
7359
7675
1483
7905
8496
9911
2662
9922
8157
9809
8418
8563
6885
7885
7806
2047
6489
6150
4936
9913
9545
5323
9268
5604
5783
2813
1383
4960
1603
7145
382
7173
8563
4339
5152
5045
9479
5547
5682
6113
8883
1293
9214
8199
7026
6013
3450
98
5255
512
2527
4921
5073
2253
258
8025
6548
730
8128
7879
3137
6802
2935
5383
7460
2732
3468
3504
6522
384
7287
7157
1147
3976
3975
466
6172
6823
4530
5619
5409
2481
5934
6607
6750
1583
5667
1332
4031
4366
2372
4516
6208
8532
3222
9303
2311
7489
2767
4166
1295
8934
3757
1790
9925
6168
8359
1103
3696
6325
2060
6341
7011
599
722
846
7694
2537
2072
710
6013
9405
6904
2765
3310
8579
6852
1723
8237
4688
4804
2523
6078
6817
7275
8504
5970
5668
2397
4332
3243
9564
6521
237
5911
9493
5929
6031
3147
5056
5517
2416
2320
6448
918
8498
6170
4650
5487
9779
681
1939
1637
3735
4869
6362
1250
1649
3828
9006
1654
1450
3019
9767
5357
8204
3549
5544
1715
8066
4822
2481
3816
7315
3821
2322
9969
2683
9495
3565
8301
5482
8051
1947
3692
5434
2966
4686
8732
1713
2449
7963
6947
7763
817
7497
1022
7687
7089
5419
6641
2912
2528
5754
1419
549
150
5463
1752
4990
5883
921
1304
6070
4317
724
4442
9657
1914
8682
4320
6451
535
9542
3046
6892
7646
700
7068
7624
6892
5925
398
5327
3203
2620
2776
9196
7323
6141
2636
3258
5602
2385
7538
1925
2163
8242
2989
100
1801
335
6635
6006
2597
4031
919
3701
8660
5018
8163
7994
1803
225
4822
9413
8266
367
3107
5011
439
1743
8632
4333
4026
3626
9883
9452
8626
8769
5887
4338
8276
3576
6515
60
1897
943
3370
9472
1836
5433
3017
7941
9161
3316
1341
2079
4809
422
83
9486
7718
5285
6650
1103
6513
4590
3508
7304
3162
276
7860
6627
3235
3987
8332
8163
4146
7684
4555
6485
8628
5966
5296
7614
6056
6499
1501
5881
6855
1869
1163
3050
1425
7805
4966
957
3064
9101
97
7400
9320
3996
5476
764
1963
2077
3060
1207
5532
2200
8652
2165
6126
9343
5390
4223
7104
4308
1904
2742
8496
4796
4632
6840
6065
188
4545
1662
9901
3087
8010
3672
5432
1055
6602
9330
8234
9970
9361
7278
8251
2639
5470
7499
1528
4413
9142
4940
4224
2174
6286
4141
9567
3597
1678
9517
2644
9713
5430
5647
1801
4598
208
7254
6429
1784
3465
2418
9098
5564
1906
15
7831
1462
3983
1345
4741
9392
8023
9986
8522
5367
9227
22
9293
4498
9056
7936
3073
4435
8347
2189
7763
3492
3340
1057
9522
5015
9505
4681
3999
3847
7392
8628
6173
1075
5961
3323
962
6714
7397
5261
3534
1354
6351
9672
348
7605
5163
1748
6041
1410
2965
1339
4563
2066
1429
8459
9576
1070
4452
1095
9266
3501
9643
5598
2991
8419
1628
2869
3736
5191
7844
2232
374
5136
6797
4705
6860
3811
4703
3020
349
2071
8591
9199
5894
9627
9989
5863
6122
2175
5593
1236
4974
1509
2518
3441
6568
4221
3938
6753
6902
5682
3245
3561
5943
2754
7806
3163
3195
7020
3878
9946
2360
9394
1692
8492
5403
8371
4128
9231
7385
5160
3542
3728
8191
6131
525
2632
5500
8969
3428
4140
2918
4586
6589
4837
6731
7305
5819
4361
7236
8351
1043
4323
9378
8627
4189
7102
7626
1277
886
9007
8353
2763
341
9256
8287
811
5985
8803
3659
3884
3201
4353
6827
4523
9222
101
7684
5379
1460
4010
888
8308
3388
5371
9483
3603
3440
9700
6496
4095
4327
6686
3387
8530
8290
632
5085
3562
4631
6286
8182
5059
7632
6006
6715
1839
8929
367
3758
1338
3418
2137
5595
6416
4827
6813
2334
9048
2593
5845
6507
4501
1509
8107
3435
8548
7374
2097
4379
5029
7142
8043
7808
5822
7287
4558
2739
1173
1280
996
8445
8091
9821
3139
9185
2646
5120
3340
7934
6344
9868
5884
6825
334
2014
5056
6119
5708
8624
9271
7956
3381
3861
7705
6662
9927
218
436
7499
1053
7812
6605
8856
6360
8777
8722
8021
8394
812
1438
2903
3460
1531
6453
4764
9333
5255
5446
8072
3708
770
3721
3320
495
6738
7906
6600
8312
627
6938
4469
2048
4491
4753
7557
8369
8359
3023
7942
6233
6928
1290
7536
8788
6074
7299
1011
5723
5256
4283
2025
5830
2039
7846
8541
7315
6753
9150
2054
4359
1294
1946
5521
9764
570
353
9425
98
5957
6832
8614
6092
3227
9681
3821
5484
9071
8434
3738
2776
2983
9684
1907
3489
869
3380
2326
4213
7531
2629
2950
510
5408
46
557
9572
403
2903
5130
7095
2918
1561
9629
7269
6824
7011
8634
7306
1460
557
8451
7297
7670
7801
1272
88
8431
7953
8375
735
1434
2950
8988
4686
6754
7583
7891
8438
8888
513
3595
8956
3526
8430
3614
4745
9046
809
2039
2676
2221
5107
4174
9033
5614
6012
6604
3342
9799
7035
3531
8800
1217
9339
1895
1234
2638
332
3729
9170
9637
59
9571
4349
39
2549
4189
7482
3263
7655
4569
5075
2225
7872
6310
6188
2883
985
6578
1596
6817
5642
1988
7379
3116
6737
7615
4787
5916
8174
930
2693
5956
94
7079
4989
9864
5963
8280
5974
8795
7373
4647
8444
3036
2482
7361
7872
9770
8236
2456
9721
4121
4622
4227
3402
7318
1591
9453
6139
9648
5350
1560
3780
3564
3946
697
2818
2001
2222
8304
895
2353
9567
8901
3617
6344
3845
1939
517
2523
6613
8234
7514
3017
626
4132
484
7299
8586
8143
5327
8762
2093
3697
1645
5932
1200
3914
6952
6985
3983
8344
689
2261
6230
9301
1811
4190
8086
3401
1082
8838
4142
9013
5019
4378
6432
4942
6995
666
1638
4328
5389
7855
2186
3142
2042
6524
5239
775
4735
9943
9613
7517
921
3806
7343
5173
5886
4492
9253
3636
9081
3812
4248
210
3592
4453
24
6546
3212
8987
8506
8305
554
9588
4512
2573
4930
8876
5844
175
8483
9787
4181
1089
6827
2511
8476
3093
2809
8164
3573
2493
1277
2173
5401
489
7294
9546
933
546
6382
7236
3208
6499
4800
2238
7831
3253
9219
163
8833
2154
7569
5496
4218
9968
4852
1069
1084
1951
5394
9226
4208
342
3268
5232
6177
6653
8757
2925
4161
596
2788
4898
4051
5647
4466
1808
1889
15
390
2758
2306
3992
5534
7418
6264
9437
697
5249
4235
5727
5619
4272
7553
8453
4602
4638
2279
75
4698
9121
6069
5728
7733
3104
4158
5290
1516
9543
3262
4736
3254
7565
1745
287
4127
2817
3950
2131
7696
6472
6221
8853
1764
4504
2011
9641
6358
7588
8429
2800
8216
8976
8723
633
8811
4708
3874
825
885
2885
2331
7235
7613
2411
1557
9516
1451
8049
787
8020
3570
4068
7840
9255
9377
8145
498
9575
2224
682
9469
1871
1877
4077
9228
1673
7649
5023
8278
2279
7853
6325
5857
3265
4691
6619
3970
5007
456
1033
4156
2393
3969
1852
7595
3044
6917
6255
4861
8231
3380
2420
995
328
946
8012
8981
7287
2141
9263
3520
5038
8585
4289
9553
587
3744
3046
6273
438
6184
5762
3586
403
2640
9862
1711
4930
3663
5885
3916
1518
6527
7019
3335
5802
6470
1713
2788
8698
9891
2806
3715
6453
808
3126
1592
9357
1895
9160
4362
999
1262
9685
540
6352
6963
9364
9968
296
739
5142
3726
6956
2330
1731
4850
3803
4270
1548
6686
8894
8525
3097
1562
3037
4785
5598
5745
8160
2859
6073
6795
1710
4797
3447
6626
8751
8688
9245
385
369
2258
4125
7379
5861
3087
5128
8861
8065
1949
3042
7182
843
5296
4332
4306
3958
5817
8362
3709
607
8394
4015
3064
4158
6989
2618
6773
2988
4775
1797
8572
9262
2769
6276
1200
4823
1556
7396
5305
5627
3428
5127
1117
8491
9718
7077
2568
3851
8633
6221
7747
816
6533
969
1470
9735
375
9261
1075
3435
6728
8660
6321
6910
5237
4827
6720
9778
4011
4153
4418
6373
4129
4547
8698
6231
1286
6758
5983
7802
6817
8996
9380
4968
462
2806
9421
6285
2123
2330
6119
3
3619
5175
2876
216
3985
7842
8447
431
5507
7587
3654
5368
1429
1041
6568
7795
2457
5707
5524
5557
427
9168
6504
9341
1108
3460
9915
4411
8572
4998
6393
3652
9881
726
4666
213
6966
3231
2223
7633
5138
2278
2905
7433
9014
2370
4285
2088
1912
7806
9184
9561
9314
8927
9671
7720
5638
8157
7564
694
7184
6040
9192
5409
3908
2620
2728
865
9052
7161
2657
6578
7099
4877
6310
6905
7605
9735
3364
7463
5793
7692
8058
9774
8608
539
9725
659
6431
1356
4516
6224
299
8590
6858
5526
6444
6237
2155
6057
1727
6225
4579
7349
4156
9908
1834
2656
4424
1267
7517
9200
5104
2377
2785
9489
7080
8782
7840
6240
5550
2453
9642
2301
9284
2239
9043
1787
9495
7293
2149
4726
2322
6742
6318
8552
8893
4060
4318
3533
4097
7930
1766
7381
5138
2259
724
9692
8498
3504
2367
6914
7590
3936
1814
6802
992
5715
2058
819
7315
389
5552
8447
9454
9194
5091
4611
3636
8983
8989
5967
1852
672
7845
5985
4951
7261
50
3827
3134
9599
2027
2044
8550
635
7535
4371
3583
598
513
5584
2941
8832
460
5992
3034
2899
3729
8194
5055
2668
1247
7442
7108
9410
7540
4789
8801
1938
8345
2356
4512
9137
1528
2188
3714
8348
6646
559
6319
6872
847
1131
9442
6383
7888
8436
3303
3941
5500
4482
3613
591
6803
7946
757
666
4301
8000
177
9414
4092
4883
1520
7912
6536
5296
6065
1694
592
263
1287
6964
944
7259
6617
4999
4880
2265
9071
8892
9370
3567
7415
9835
7313
1663
4293
7498
3881
6657
597
75
2518
4088
2030
4890
4063
3822
5800
2743
8927
5182
1970
5349
8699
4074
1731
1609
8091
5142
6362
9785
2140
9183
5765
8158
8576
4023
1362
9831
6207
7012
4364
6220
6076
7717
8688
9847
742
5492
4374
8073
7502
8866
194
8649
1260
8045
2963
6831
7268
5190
9188
6346
3625
8354
1635
1494
724
7019
5584
7621
6361
1431
6429
6674
7959
5069
6082
4119
7232
1522
1892
7969
4455
9602
2096
6671
3667
9962
1717
578
952
709
2580
1599
4627
9375
8659
7674
8976
2108
2980
6781
971
6473
1580
8820
77
9143
2568
1530
4110
5249
8553
5495
8465
1799
3376
3956
5204
0
2017
713
6193
2481
9910
6504
7807
5055
3280
6265
4363
9235
7630
8476
7724
5504
6566
8428
1866
9813
8993
7840
1018
2873
465
6433
8732
8947
967
2349
2235
9950
2085
3677
745
6042
2794
2737
9393
8139
740
7490
7128
4135
8610
2332
6266
4401
2776
8469
6721
3558
4080
9671
3095
3576
1392
566
4023
2952
9893
9004
6303
8156
4800
4273
4870
9694
775
1021
7532
2651
6476
4500
4298
8858
332
1433
6602
9473
7960
4772
1446
7668
419
5752
6692
7461
7364
2612
6764
7666
5520
8846
631
8064
7304
8841
4116
115
5446
3192
3836
7814
1400
1062
7302
1245
7168
2749
1110
6440
1512
6417
2194
9850
8891
3196
9561
8810
3865
7854
8621
6131
417
2233
7185
44
8801
362
2128
3767
5235
5596
7116
3066
8439
5067
1197
1175
615
8933
3016
5279
1854
3058
1594
6105
3477
2832
2502
973
6819
2118
1745
1744
1480
7033
2753
2842
9542
1152
968
4266
8422
7507
1276
2056
1543
6185
2242
9954
5627
3338
5170
87
919
338
9078
3096
6541
9185
1641
1007
5322
5440
1051
316
5129
3498
5862
3531
2643
4781
8656
604
832
87
866
6000
6359
7196
2203
7633
3931
2469
9209
3307
876
2134
196
335
5310
5811
2695
698
6559
401
8505
76
2060
9217
6712
2037
1545
4877
2498
6425
9849
3002
2081
2183
2995
3055
5105
5589
3478
6766
8244
7722
6535
9787
1487
5346
9979
9278
6528
6472
8666
1554
6131
6544
9327
4544
2385
666
4962
1505
8165
7473
516
5608
1169
9164
911
5801
8517
4951
6096
4362
946
4290
8705
4902
3769
6145
4537
9771
9974
1611
777
4997
7315
1449
8522
8315
2763
1575
8892
1698
7144
2283
1570
7746
9966
5553
505
2146
3274
770
5755
9228
8618
2575
2635
9073
5270
5569
240
1533
4239
1487
2103
6715
6441
9060
2206
2842
8033
9852
6772
6530
3305
5864
4079
7808
12
9618
1471
8489
4002
1583
7594
7286
258
9685
7116
2294
8350
9304
2633
1829
8185
3535
6225
8207
2051
1829
972
5613
7282
2729
4360
2310
4675
3196
6525
6921
8855
3471
4925
7197
8511
6117
8533
4562
1977
8025
1358
6704
8191
3672
9374
4146
790
8351
1261
3311
4707
1074
6030
5420
8684
30
2432
2998
2154
6018
6022
5016
5263
6449
5876
2451
9360
6865
9719
8676
3064
2999
6542
4617
567
7058
9405
1129
1338
6652
7795
7855
9987
2594
1247
9496
7531
5727
3252
9471
3621
566
6141
8801
1789
4918
1444
2995
5726
8118
3886
8486
791
9005
3962
430
7987
5326
6826
5506
6633
1124
8995
1785
2491
3299
8825
1306
7643
569
8653
2211
9932
5100
7720
3796
5941
1749
6349
3871
2240
8885
7587
9088
1510
5879
6094
1882
8998
669
462
2911
4139
8217
3889
5722
4001
7780
2235
1287
7563
3768
2761
1887
2458
9935
4758
4548
3330
1150
5556
8446
1344
4512
3452
1395
599
8496
9019
800
9568
7694
229
8850
4207
9622
9125
8585
3139
2959
2892
7343
7922
9676
2075
8027
2485
5947
5391
5621
8097
6864
3376
3543
4835
6427
407
9736
3286
8960
5576
7012
8325
738
3184
2763
6186
8670
6786
8121
9567
6304
3350
2707
2569
5061
4587
7167
7898
5498
7251
248
393
9261
4807
667
9410
3263
1018
1619
2112
1770
7169
2163
1098
1056
2761
3568
8577
9288
6440
9023
7096
7546
6797
101
1861
8488
7893
2346
26
3385
5355
3858
7421
7805
2345
6150
4307
8841
3375
4657
6680
3216
9381
9327
8539
7580
8124
6835
971
945
4136
6406
420
895
5986
4036
3859
5904
5141
5825
8279
5991
4479
4991
4906
3449
1018
63
6386
1567
4571
2156
6949
2827
8655
9659
9183
7840
2421
2920
1132
1800
8587
4717
6567
9285
9881
9221
3771
5884
5596
3116
4613
4249
3513
5369
9262
6279
8025
5173
3733
8629
7818
3996
1541
9011
3782
3445
4669
4436
4535
572
3612
5836
6152
9918
5141
1906
1970
7971
9970
2788
8679
5509
4094
8474
5634
4795
5574
1143
5313
6278
111
4486
9514
3378
3294
2080
2292
9306
7818
7468
1493
6720
797
1503
3898
539
7675
7900
3781
7444
7514
8441
2874
4846
2403
9294
2665
3065
8269
2167
8693
2778
9265
6085
6346
3360
2589
298
1058
1680
2422
4543
2561
855
3206
3279
3148
160
847
1071
8693
85
8113
5240
56
7738
5405
2605
1788
3868
9596
2361
6947
6055
5317
6622
2797
4999
3370
5359
4593
199
7975
6637
6843
5996
3214
8732
4097
9475
6575
5270
2864
3046
4678
1099
9799
82
2087
4904
6037
2199
1318
7043
9950
8348
9549
6831
7568
1224
5559
1564
2129
9790
9638
918
9904
5949
2764
3232
4262
7345
2800
2704
7455
4458
6624
8905
5844
1858
5636
9592
2526
4037
8104
4009
1643
4040
4230
6336
1890
6889
9235
5378
1345
1710
5887
167
6129
3341
9492
7004
8707
2172
7201
1122
7408
6960
7341
2462
6865
4829
4340
1127
3972
977
1603
6537
4956
5945
371
406
9993
4393
947
7939
452
6536
2346
2412
7929
6555
5165
2711
2921
5170
4528
3873
874
4769
3222
1081
409
2433
6643
5534
4163
9973
2101
3471
1272
4070
4878
495
7071
1704
4007
3558
9017
2301
1882
5716
6867
5561
5103
1574
5047
8804
5629
715
7124
1635
7409
7547
4121
9370
2711
7967
3199
1728
4284
5287
2627
9007
8597
6897
1782
4337
729
9263
1047
8598
3974
6777
9221
571
7772
9411
7687
4673
2262
6585
864
2714
8334
8017
2699
4992
507
3160
5693
8041
1866
1796
2427
4237
1911
4111
1621
8253
1014
2755
7688
9664
8150
9031
8422
600
6665
6524
8942
5522
9779
1313
7956
3851
5768
6741
1635
2085
9481
6893
2319
650
2871
3741
8573
8977
4633
7084
8294
4995
726
1689
6227
8659
2381
5993
1140
6938
4056
1821
4965
4420
9043
7876
1200
392
9208
2886
3106
6915
3933
1218
7893
9956
8053
5162
7479
1247
8513
1713
7812
9791
3437
1679
1814
5175
3158
5251
3092
5391
4047
2353
1517
6303
756
7842
4306
9861
8323
5962
9259
5703
1652
4774
6742
2979
8458
941
2117
6093
6896
132
678
5395
8793
9773
4119
7064
5412
1787
4831
2119
6550
2506
5325
4669
6335
8476
1173
6437
9394
7273
2928
4109
8463
1079
3287
4301
6718
5266
3170
5006
8048
4870
3202
7861
1292
7696
7201
2475
4047
9571
5103
9872
4193
2246
2701
2270
3047
6296
6116
499
7760
5399
5013
7442
1433
1756
2504
629
6496
9622
2652
3443
6947
6524
1596
2736
9938
6644
1979
9139
667
8165
5478
5288
9403
7109
8724
5073
5890
6903
8096
7639
7246
3808
196
6727
4215
8197
5466
7121
8517
7187
6537
6381
5967
4267
1359
4615
6713
4700
8216
9947
8634
5452
7854
2177
584
2300
4134
6683
8166
8849
8261
5634
9941
2671
1510
5578
1117
9731
9736
688
8267
1282
9523
5844
1689
7010
6875
8743
4988
8781
3845
1441
4310
8470
7816
820
5762
7888
1762
7642
2584
9926
8091
5111
6766
7805
4345
1063
4842
4560
8214
5824
1795
1937
6263
2928
6037
7422
3629
2454
8740
312
9024
8879
1590
444
8088
7004
5604
1202
6091
7448
6397
7778
2693
9196
7343
4397
8571
1102
8236
6527
3746
4995
9657
9433
5807
4127
9334
9841
1803
8201
4100
2260
1641
3391
577
8019
6388
4440
2111
4680
6537
8791
7985
9325
8292
8369
6803
6420
7635
3625
7867
590
7215
2530
6932
1604
1290
9329
829
4232
4364
8502
8180
1212
2064
1819
4677
1824
2781
7319
3745
3710
3863
1026
4243
171
563
2986
3550
2085
8532
7905
3442
3788
8083
4738
3925
2003
6790
8723
4381
3188
8750
6194
7004
4918
7708
2184
5039
4779
6279
7911
5389
3044
3954
4939
8675
5085
2125
7025
2647
7901
704
7318
8417
1843
8699
1046
1817
7715
2587
4590
4741
111
2377
936
3675
958
9309
5750
2925
7618
7368
4233
4472
2493
5084
2453
7299
7732
1408
2899
9087
9884
7560
3945
9939
998
4158
6123
7132
3098
3477
5957
4181
3855
8891
8599
6456
9700
3853
4576
6175
5284
3505
6309
795
3909
9031
1248
7864
5531
6105
2289
4643
5589
9370
8797
533
7399
2188
1539
633
9024
5583
3585
4917
8907
1096
3459
1042
6582
3883
9666
4209
2188
6317
4936
3605
8535
501
4719
9379
7176
1413
8113
3216
7628
7656
1467
3382
8555
1711
6806
1761
7020
1752
4964
9346
2878
1536
7091
9960
1059
8266
5479
2140
4862
2711
8926
6633
1110
8864
8786
3830
8457
4127
2092
20
1992
3898
3841
1841
2656
2410
8267
5816
4175
918
7494
1420
4371
54
3823
2641
2729
3257
9790
6526
782
1429
9876
9625
8797
2783
8049
6374
8538
3830
8416
9474
6335
9022
2144
8341
3688
6173
8512
2220
7505
3641
8991
2407
9034
4947
300
3136
6765
3833
1607
9878
3766
4418
9473
7159
8632
4419
2866
3485
4255
7109
4957
3853
279
2126
4533
4591
7442
771
1552
3972
6708
4381
2394
1421
4912
9097
1802
9657
6306
9140
3145
6282
732
3129
6851
7849
8790
7564
620
1991
994
4243
9872
2119
5683
2156
2747
1638
1608
9433
5174
4929
2377
9734
8109
722
7172
7070
7334
9888
2893
9479
4463
775
3335
9893
65
3290
799
4774
103
561
4947
3793
4411
1478
5523
558
1774
1264
6876
9168
912
4142
7267
8129
1717
7507
9597
8640
3468
9634
5012
3743
1032
638
9082
9696
9488
2085
2090
1622
6594
9487
1415
7587
758
9447
5571
3563
3918
1624
9001
8288
9984
8839
3450
9718
1567
5293
755
8482
1570
1009
4968
5022
6389
5062
3641
4089
1477
6911
8026
5136
4289
1218
7056
3820
1079
1000
4336
3080
7480
8046
535
1139
4080
2225
8861
5282
3243
4632
1545
3532
9854
7831
9604
6170
4765
7002
7199
8992
9207
1869
2931
757
116
5739
2183
6041
3111
3434
5684
1441
8582
9016
1798
945
7529
5665
6067
7394
7388
9986
9286
4206
9532
9376
4716
4901
8682
3995
4091
744
3936
7067
8753
497
123
6929
9999
7116
9575
8118
4106
9518
2729
135
1555
913
9195
4048
3688
3970
8244
2054
2406
9228
9584
7312
8950
3818
4638
9661
9726
2742
1809
783
3478
886
2969
9889
7790
4704
3840
3114
1701
5002
1280
5254
881
9138
1857
4929
6869
6225
9358
6749
2784
178
7481
4482
8319
6688
472
3468
2160
7097
6947
7145
1097
1304
148
3546
8363
6050
6465
430
7866
888
487
7269
5150
6767
4831
3675
9103
989
243
755
3557
7061
6576
964
2285
4849
4465
4482
6046
5501
8687
9864
4183
6440
1553
9837
6867
236
4527
3093
7782
3397
5255
8649
4703
5314
8359
2283
2810
6995
3798
2614
5794
6244
1452
606
2872
2059
1763
3555
4434
5478
6337
8652
3624
5545
2830
9219
8667
1060
3238
209
2883
2591
5861
3900
6741
4001
3208
3096
9799
779
2931
6382
706
927
9893
15
9012
2749
3808
9384
5967
5852
4484
7717
2209
1039
9968
2729
1398
9612
4500
6833
5401
5271
452
7833
460
1460
7818
9494
565
2006
7854
9168
4366
990
6684
7249
3096
5769
2027
4934
3717
8759
1729
5682
4513
2650
507
5245
121
4077
666
3088
5336
6271
8526
3736
5123
9622
9476
9967
1651
8136
1130
3365
5149
1423
8472
5348
7311
2269
796
7597
9202
8761
1177
6904
406
1859
2581
3327
6967
1044
7685
7553
1028
3255
6112
6908
4746
2718
7397
5411
5527
9035
6339
6846
8949
449
936
4784
6407
8809
9516
6116
8504
9790
3000
8410
401
9394
3268
4378
6937
2570
3600
4151
9953
6050
4014
8328
2035
95
5552
7825
2057
7573
5107
1678
7091
9997
5812
1438
9106
8093
4708
1376
1951
1073
6580
1556
1345
328
5490
439
8972
2588
2958
3720
4601
7437
5275
3308
3071
2452
3394
3621
5804
2081
7855
3402
515
1844
7092
6969
7218
6415
4292
6732
618
298
7087
1740
4192
9584
5908
8541
8748
9832
3267
2158
4514
6550
1237
7997
4140
8555
711
4505
1286
7527
9609
603
675
6866
5599
3574
4556
9485
1540
6931
4198
6034
7579
4980
2731
1134
7055
179
4351
8895
9696
4534
9951
4673
4724
339
7373
1164
21
2864
769
301
1960
2736
6145
9208
1868
1204
9129
694
263
2626
1660
6348
2654
1367
3535
9079
5161
9665
8660
4539
3896
3083
8615
241
4635
8463
3136
2891
2444
7332
4895
8891
2268
3552
4620
7696
2644
3646
1913
9401
1544
1135
6307
5375
8259
1227
9830
3839
3272
9869
9969
2700
7353
4527
2192
9531
4112
1084
6478
1731
7225
7839
171
6711
8997
8136
5983
6223
3503
3187
3789
5724
5954
9939
177
115
7515
2767
9475
388
4469
3480
5707
3136
7420
5856
7329
5337
4105
2554
8121
2373
2197
5180
9171
5179
422
9091
4511
1704
3278
1603
4376
5731
2306
5407
5583
6538
6574
4592
5236
3125
4458
2019
3606
4087
3185
5508
7
3016
3102
2077
4105
7815
1942
9142
2607
2330
2798
5071
4686
5265
6240
6864
7705
3777
9048
6858
7156
3182
7845
4193
680
9761
4573
579
4928
8401
8858
3347
9731
8090
2241
9864
9090
3548
6679
9611
5045
6253
6759
9577
4354
3308
7376
3296
5598
4003
9195
8288
7069
5613
2567
4024
5459
9536
8813
3897
7737
756
3230
5422
8970
7818
3146
7204
2031
1481
9898
6156
4677
1891
8447
8852
4401
6198
2511
6902
2187
3092
4031
4817
2517
3424
7174
810
7210
4310
7258
7447
3299
9478
9179
108
9723
780
8079
7967
5046
7447
5433
9880
3294
9000
4716
5478
1621
2003
5788
4310
3187
7952
5785
5022
2082
3807
9244
9347
5338
8989
8817
4138
50
1428
3689
1267
6067
183
6511
2231
8199
7277
7169
8914
6086
5985
4491
3173
5075
1879
2451
9210
5779
9264
7135
5960
8231
7712
4221
2451
1115
6113
4163
8433
5963
4268
6669
9108
6061
1611
6666
8398
182
3418
5106
1927
4924
7647
1337
955
5255
399
463
6098
5200
7578
4287
192
6099
9776
9836
4796
8669
9012
6353
1355
3829
2034
4681
6152
6813
7992
879
2830
6284
996
6773
7504
4266
9467
4149
3323
4713
3062
9604
4263
1907
966
1702
1195
482
3622
1177
2284
2085
6587
5037
1251
9307
9442
6261
2817
3641
7843
3480
6446
3006
7133
6081
6999
1555
1610
6891
5881
5740
9279
6813
144
8380
5411
1775
1169
2563
8410
6420
9697
7047
508
329
3862
3019
678
2004
3463
7779
3226
1362
5281
4029
5431
4977
2220
7194
8049
4475
8198
7728
9087
2328
9296
9276
8075
7513
3787
9590
5075
7773
1859
8045
8762
2635
6006
9421
7689
5069
8803
2780
8889
3769
4585
8246
5189
2787
9057
4640
7628
3529
1910
9719
5468
2537
1038
1846
6658
3807
7834
2996
1902
2040
6784
4282
270
6047
154
2544
1390
1247
1680
6290
8185
1503
3998
2120
4214
6854
3287
9607
8218
67
4854
7305
2498
4605
8906
5311
2929
8001
4372
8206
1313
468
9588
3865
494
7649
4806
4297
4544
438
4027
955
3887
9849
2777
4731
3633
7507
7668
3193
4668
6230
7634
3892
7005
2580
964
4505
1009
3751
5192
6042
9723
6634
3147
5250
8481
3371
1718
7020
4153
397
6238
6968
4587
8348
3585
2307
5561
3053
1406
1289
7480
6208
3532
6775
5735
6079
1636
8060
3864
9130
4652
3815
1941
5975
7593
7309
678
5989
6039
585
5859
9335
8664
1284
3775
6800
507
8819
4714
9078
4312
3716
3924
5170
4555
8566
4846
7373
3931
8180
2101
1273
7315
4418
3335
9124
2899
1095
2756
2279
4395
6711
3606
4045
4066
9615
9776
7338
4110
4366
8604
2674
7782
7385
3675
8328
9152
6897
5729
8203
4230
6978
7723
7257
9520
5616
6421
7706
3760
9428
3539
1296
2505
2042
4847
413
6135
6689
1823
5011
9781
2202
8092
3761
2981
5053
6054
8114
5052
2782
4997
3448
1620
8237
1282
3552
9505
9394
7929
4838
4974
3552
1923
9645
3205
4090
5210
4476
7801
4588
9668
2219
671
4680
6834
9013
7311
7225
1085
8040
3159
921
6273
8911
9519
5359
4005
8805
459
8286
7608
7240
2631
956
4730
9530
739
1765
6446
1350
5706
9319
4351
6783
6464
7091
992
3172
2034
890
3164
5638
9673
3021
3848
7226
9011
5175
5524
317
2623
4026
5348
3652
6144
876
3022
1147
4218
829
5896
6302
7934
6118
3060
3166
9241
1800
557
4096
9481
7068
1757
9803
5815
8955
7479
9144
3147
1076
7072
3710
7083
2655
9126
7299
1854
3842
3409
8509
8083
4875
6829
3988
4626
3355
8669
1924
649
744
5216
7637
142
2025
4202
9210
4632
4650
4852
9245
1243
101
7388
1539
8632
8737
4351
3725
4354
177
3848
3263
2598
4667
1858
7504
3140
1616
8293
3049
1547
9380
2464
1011
1584
7273
1629
3811
5920
6762
5157
3525
679
4424
9628
561
1099
7729
3055
594
5126
9397
8496
2491
5254
9633
4258
9523
5034
3963
7474
7588
8787
139
7201
2305
1478
6772
3785
5705
9085
1349
6444
598
2686
4665
8174
7806
3342
2841
6520
2611
3243
9687
8374
2664
1787
1929
9332
6070
7810
20
5337
7181
8987
4829
6655
6179
1146
5321
4898
440
6124
3697
3202
1656
1214
7116
8940
5738
1968
1093
3887
8847
5869
4701
4660
8277
6875
3311
1190
6162
2666
5757
720
1971
6304
3693
6531
2082
5637
5862
1064
4067
1600
3698
3295
4938
3740
1148
8706
7900
7884
2639
1758
2264
1600
8991
7732
1710
3450
2827
5855
3166
5895
8491
6619
6636
6097
576
9425
6230
9920
4146
2211
1245
1770
1797
8322
4303
4409
2212
4617
1654
2030
2309
3886
9855
6809
7014
4329
8319
3722
5062
6730
319
9564
1352
8651
9739
3870
272
9432
2389
5293
6538
3809
5536
6142
6612
499
1509
6439
5225
8469
459
5946
640
8613
4962
3410
688
6971
7041
7702
5612
5383
3991
3984
6687
2573
6270
1850
1515
2859
7818
9703
3827
527
6596
5646
9238
9294
1045
9340
2313
5353
8299
435
1004
6490
3848
3195
3282
3856
8849
380
765
5987
49
4598
5187
2880
3229
7068
5052
6773
6375
2707
6663
2532
1415
1585
6018
7662
4696
3667
4265
2706
2924
1621
3132
1500
9099
8944
3140
7176
6257
6419
245
7382
5435
4663
7089
4997
509
8301
2663
9856
2353
8073
6011
2443
2385
5926
1929
4124
8594
5345
6848
6524
2181
3898
6810
5082
6731
707
4609
101
8643
6466
2096
5460
139
5440
6131
998
727
5370
792
8709
1082
6490
3482
6037
9415
9611
7849
2198
6368
4197
7192
2323
4845
9636
5249
6356
6539
6832
9197
9639
3952
7989
1288
2678
5241
6630
334
8019
7703
1997
4179
4982
8432
2376
8422
3067
6413
6979
8048
4744
1690
1586
498
6313
9046
8070
7213
3361
5675
756
2327
1678
8544
4283
9054
9755
2570
9242
4228
8734
7666
5022
513
909
4590
6517
7943
2618
553
5283
4971
9742
2662
3315
5964
5891
9067
9309
2776
8965
5810
6210
4329
4809
4673
3041
1911
4642
6436
5558
4178
1318
6485
6101
27
5437
7112
8213
9781
1521
9419
8961
7449
2343
7783
2589
9858
3116
2940
4971
5091
9610
1139
7351
6901
8551
4609
6752
9581
5474
4661
2652
1755
6173
3814
5076
3489
9
3199
1844
2259
3149
7386
5527
9118
6935
1187
6166
188
4828
7156
1472
7024
4800
6322
779
6925
6383
7118
2069
2548
6485
726
94
8361
9903
2406
2013
7968
403
7987
6881
1592
1304
426
1568
9591
8368
5866
7461
3201
9114
970
5391
6782
6807
2033
2705
7426
5526
5407
6571
3694
2615
6794
9246
8757
2712
3274
511
6265
7497
2010
3577
5765
6404
3153
8379
6226
9424
3763
2665
7756
5923
6767
6857
2601
8996
5621
9403
8386
2139
906
1348
8578
5492
2463
8735
2613
9740
4035
8326
4503
3961
3799
5109
1882
6448
9511
8252
788
4781
123
8221
6781
818
1735
1157
1445
1449
4775
3461
253
3330
2022
874
2389
6305
8474
5789
573
1564
2668
8329
3482
5116
4280
1934
7121
6216
9341
872
1140
3062
4669
7968
4015
2846
7733
1205
4973
2361
2403
6539
7084
8347
5178
8249
4845
9712
8216
7794
5109
4335
1632
5811
3276
5746
4764
1718
1625
7101
381
3352
1313
2525
4441
8012
1488
7839
7866
6493
7939
5955
5181
5112
7198
5347
2088
4653
1873
6173
4557
284
4714
8353
9501
2715
2089
7697
2742
5701
7538
376
4226
4340
5090
5005
4968
2495
2014
5549
1488
7344
9901
7619
7932
4659
7
9522
5766
5907
4451
5996
6596
8885
825
9008
7483
512
6704
5117
6758
7434
8526
7015
2894
5377
4213
257
7264
8186
3137
7935
7064
4786
6423
457
1809
7769
8104
3546
7317
7398
7241
1827
1687
8278
9818
4244
2714
4505
7666
92
5635
215
1943
9018
2128
5030
7709
9103
2673
6849
5813
6045
319
2085
3727
8966
4864
4949
5660
464
4216
8593
8369
8689
8867
9666
9773
8415
9718
3473
4871
83
2937
9219
8343
8029
9687
1222
7162
6584
4124
7193
7880
5298
8012
12
8420
9147
8449
430
7559
7775
8184
1821
1252
5293
7313
5000
6643
5024
6983
6402
6577
9740
1423
3967
1845
5455
4494
8547
8201
1864
4242
8878
8312
8629
8639
7071
5578
8855
3469
9283
6523
4091
1462
5467
5698
7447
4806
3578
7995
3692
2105
1323
2724
2207
9912
3931
1328
8723
7075
2157
1886
9594
1870
2352
8788
6177
4551
3951
777
3577
894
4063
7949
4564
7312
5085
3998
5492
6586
9278
6477
101
4246
8752
9561
609
1354
6508
7997
716
7971
5708
748
3790
4935
2372
5229
1820
7365
7026
1637
4052
2739
236
7356
9761
6757
1699
4197
2321
2130
3152
3047
9267
1549
1944
2174
2731
9653
6258
2219
5786
3595
4879
5125
2825
6291
1509
1645
5733
5016
1522
746
5841
5735
2922
1208
400
3260
7355
5776
4594
1523
1809
7453
7893
9168
506
6795
1563
5381
8726
887
442
2789
9402
8945
4871
8325
6692
3123
7756
4235
785
9188
4521
18
2619
548
9486
3190
5828
1146
3514
5318
4832
1838
9275
2346
170
2034
1259
9869
7388
2327
2749
3493
3186
8680
8088
3476
8653
5446
2621
9286
1258
8462
8065
1094
373
6291
1638
6552
2682
7324
7886
6226
9268
6298
292
4153
802
3885
1218
3750
6583
9121
5687
3318
1509
9441
9268
1372
1768
6331
8470
6712
2964
7892
4213
1591
5863
9108
1534
419
3030
9712
6498
7196
6308
2590
1989
3936
4626
2271
8761
8070
6239
8051
2053
8932
9757
6544
1175
1010
8169
2258
5384
1319
4980
5286
5103
4703
650
4894
881
3139
5514
6848
1599
525
2763
9249
2080
8598
7556
1904
9890
8810
988
7140
5595
6999
9279
243
283
3368
3152
7023
9214
3591
6631
8078
7665
7434
1573
3727
7320
8854
8176
7086
4987
457
2502
4575
7977
3006
4873
8859
9232
7340
5465
5000
8557
3364
9
9840
1631
4808
1748
9280
2901
2018
1513
666
9600
7655
7731
6107
1572
6791
3857
3012
6411
640
8223
2047
7728
9759
506
6453
1316
1083
3590
5862
2475
8824
7213
4821
775
1105
725
6484
4774
4961
3405
6694
2109
4715
8616
6665
9506
8434
7321
5033
6738
7027
7121
6713
2566
4177
1539
5228
2015
2194
5149
8886
3884
316
2600
7912
313
6494
1163
2241
3655
2027
1783
6230
4581
6130
3539
8595
256
1831
5272
1682
6444
5949
1028
5815
5334
1803
8375
3344
9579
70
6360
2174
8369
4552
9577
1614
26
6501
8283
7420
7198
1552
6703
9197
8545
6926
6170
7853
5221
5026
8228
2887
8627
2666
3471
1315
2278
7300
7362
2991
8919
3835
1594
1703
3516
828
8036
7468
6482
3445
2358
5398
336
8741
3536
7279
5213
3278
8927
7764
4747
611
4351
3679
6307
8310
891
3871
6223
4125
8669
7353
6769
6816
4045
3259
9381
8975
8700
9558
7535
1206
2478
6177
9667
4353
2179
8751
7698
7723
3696
9540
204
2468
5224
5459
8785
9069
6368
7551
1140
7718
6405
307
8378
4008
2436
7593
7040
928
6463
6926
9146
7649
4828
5218
6029
2023
4873
2665
6229
1351
6798
8435
5966
6649
5902
634
4843
4199
779
7578
8924
606
1542
2505
6378
7012
7595
6370
4456
8442
5567
3959
6952
8423
387
8258
607
1812
8491
643
4829
9970
5556
5323
3349
5951
7797
95
1277
7143
7096
9798
421
5125
9268
86
3697
7627
1001
7148
4293
5019
5260
1909
9428
8740
3631
7032
7931
329
1981
8892
4210
8664
2732
1357
7039
5049
711
919
3636
2321
5381
4839
4468
5931
4218
6431
3110
4569
2187
9564
8673
2881
7
4579
8486
2914
9737
5883
9723
8328
9209
2101
2977
7506
5571
3751
8064
1372
6844
2685
6839
613
94
4002
7892
1750
918
3831
5301
35
2829
4416
7420
9299
9767
4220
9859
7622
6254
3749
5016
9884
7984
1300
8074
682
3266
1561
1116
5488
741
3832
5294
2014
857
8969
6935
6364
456
4031
7335
7365
2463
7903
6497
9283
5660
9788
9286
5049
6895
1831
3314
5325
9504
5853
7230
2168
6227
1098
3097
76
8411
2240
5195
1711
3886
6631
1025
7812
3347
2494
2761
648
7319
7255
4230
6274
5232
2549
3072
7233
1695
1155
6069
8305
4353
3584
7504
7523
5985
6651
5485
7119
869
7924
9843
4938
8492
5553
1300
6735
8213
5292
7823
8953
4017
8715
8378
6834
4898
4847
1621
2547
4637
6054
666
2773
6760
418
9086
964
6043
515
1139
1411
1001
2147
8527
7292
5651
1040
4269
7739
5695
1272
4211
5431
1824
2331
2904
2945
4923
265
3825
1392
5325
33
5047
9036
7394
8681
5154
8048
2929
2678
6301
9387
5890
5685
5951
965
8047
872
3233
2682
7747
6491
4597
9259
4211
8654
9256
3561
4540
8517
4420
4737
7965
8739
2849
8219
7344
8520
5938
205
824
4161
3858
7246
1040
2781
4020
7837
5923
5453
2420
6164
9299
2560
6936
2027
813
1044
2426
1907
9438
2558
6227
1873
4164
9888
2329
6867
7741
5402
6474
777
6662
7966
8046
20
8673
9413
794
7262
2266
734
3943
2789
4260
9895
6902
7765
8651
1752
5059
3875
2850
6359
8096
7450
2985
6534
2160
7200
6738
5771
4265
3758
8031
3044
5457
4280
1225
2174
4368
852
5941
3894
2410
8456
6922
8006
2496
5552
9174
5804
9722
1783
7260
6505
7906
1585
358
862
6111
4362
5933
1548
3063
6470
1431
191
1362
4521
4864
1211
4078
9747
1612
6405
5462
7182
1463
5795
7524
9079
4906
8313
5339
9492
6138
1344
5350
2208
7635
323
7300
8094
8086
1286
8786
2617
2112
8033
6542
5404
9260
840
3876
3175
2615
1812
3395
4125
6767
6616
662
7942
8457
7499
4202
4887
8979
1976
9449
6236
6134
8727
9599
3207
8566
1076
720
3078
2788
7409
8831
6511
3796
8246
5221
3522
9015
9601
7968
9499
8454
9567
1542
8311
5427
9700
1857
8803
4522
4067
6038
8801
6826
5832
2387
2448
8082
429
1242
4371
9889
6372
193
5483
2851
1497
5119
909
1056
4444
727
2676
6706
4632
3936
7472
4033
9878
2666
6240
5076
4589
6638
1257
2355
4826
2986
7610
6205
9879
1997
2934
3605
7596
5012
619
5689
9369
1732
67
940
843
4929
7121
5987
6796
8763
7256
6422
3778
2583
957
4959
2750
3207
3317
6702
7149
3148
3831
6822
9310
1039
383
3581
4435
5540
7482
8191
6359
2008
9257
775
9457
5916
6405
5009
7341
8193
7445
9560
8952
689
7601
2972
6288
5400
743
7560
4475
9880
1430
8983
6833
2339
1299
8378
8305
9822
5811
4242
3223
4765
4931
7036
2773
1881
2964
1482
1308
880
2512
3101
3329
1829
1384
4442
3636
83
3508
3730
4611
6833
3434
6855
4399
9598
7664
6549
5139
432
4968
82
678
5728
8084
1871
9068
4024
6499
8512
625
3227
9057
2035
84
5858
3190
1782
174
3176
766
3613
4790
2829
9226
3832
2435
4884
3753
2958
8957
6250
6560
1116
3089
308
2297
7221
7522
445
7413
9372
4432
9253
1947
9593
9938
3233
3787
8306
7069
2491
8900
6972
1934
3280
6678
5082
6848
4316
9515
6015
5205
9939
8581
3936
8219
4122
1376
2584
536
7946
2536
5120
8244
6180
3059
7282
210
9542
604
2017
3013
8025
636
1289
2456
2085
8233
5717
9326
2328
239
6877
8263
3830
6291
58
2578
9757
8888
9830
9981
7510
8694
3648
877
4541
2625
6760
9049
4521
2397
7486
6100
2557
3278
8006
8796
8429
4968
8983
3739
115
1372
4049
426
5750
6880
5971
3141
2191
4206
255
5989
9367
5831
8390
9522
5804
3472
810
8978
1823
9469
1353
4507
6044
8990
2138
6480
2597
8620
903
9048
3789
6103
3995
2005
3209
8115
3551
2442
9288
1534
6349
1939
8366
6954
6162
3854
8420
6706
9224
3219
5985
1886
2266
9585
685
5278
501
1188
7804
5448
6693
9460
1201
186
3097
4789
9116
3259
8185
1295
5938
503
7324
4324
9476
8037
7596
1083
7523
5475
7350
2478
3450
9682
3608
6395
1971
2629
9499
639
9568
8756
1812
3380
583
7956
880
4397
9271
3896
3654
8018
7946
8898
8185
6570
4611
831
7058
165
3862
6647
5
8034
2267
8082
1734
8762
6764
2856
4282
127
3
9665
210
1467
6756
7459
6346
6483
3590
1832
484
5058
3238
1806
171
4202
4078
7092
9717
1738
4908
3029
7562
4744
974
9651
8283
7304
7693
1565
8629
809
7035
940
7063
4217
5268
7333
4487
4547
7292
3894
8975
9839
2413
3547
837
814
562
4122
9334
188
4529
9928
8426
8366
6753
2147
9182
4909
3952
7725
4825
5663
1251
1262
537
2887
9248
5938
4438
1563
5961
3302
2948
9409
2929
19
7869
6689
3788
3225
8191
4166
442
4434
9534
590
8540
1523
281
7405
1329
3857
7610
7809
901
5764
2018
3842
8613
3753
4533
2345
1478
6595
5025
563
4652
9213
4092
1685
3495
1281
2446
8324
7773
4606
4610
435
5566
1686
4725
3655
9585
2494
7378
9938
1164
1940
2475
463
8030
4847
2535
7626
3716
9987
9420
4104
3796
